11111100000000001111111000000000
00000001111111110000000011111111
11111111000000000111111100000000
00011110000111111111101111111111
11111110000000001111111100000000
00000011111001111111111111110111
11111111111010001011111111111000
10001111100000001111000010000000
00000110011111111111111011111111
11100000000000001111000000000000
00000000000001110110101010111110
00000000001110011111111111111101
11111111000000001111111110000000
00000111110011111111111111101111
10111000000000001100100000000000
11110100000000001011110000000000
00000000111111111111111100000000
00000000000000011000000000000001
11000000000000001110000000000000
00000000111111111111111110111111
11111111011111110111111111111111
00000000111100111111111111111011
00000000000111010111111111111111
01111111111001111110111111111111
11111111111111101111111111111111
11111111111111001111111111111110
11111111111110111101111111111111
00001100001111111111110111111111
00000011100111111111111111011000
11110000000000001111100000000000
11111111110100001011111111110000
00111111100011111111011111111111
00000000000001111111111111111101
END
